Age(diagnosis)
62
27
41
65
69
73
2
50
84
55
67
60
79
62
40
51
35
2
84
43
60
46
50
59
32
60
38
58
69
72
64
34
52
45
63
66
48
33
16
65
8
77
52
29
59
24
40
43
77
25
3
50
50
62
3
50
59
63
64
64
66
74
46
65
55
55
20
48
21
65
39
50
76
42
38
60
30
60
49
43
69
67
8
59
5
37
75
73
55
41
24
55
40
35
51
19
40
62
47
63
68
70
40
74
8
83
78
3
41
9
51
37
68
55
46
40
65
38
65
46
81
49
76
50
50
62
61
54
70
55
55
2
71
62
21
56
45
70
7
57
39
31
70
10
53
70
56
27
38
47
18
73
1
42
35
63
54
4
3
49
58
68
53
8
50
62
75
65
60
62
45
54
51
56
50
57
33
54
33
26
53
40
76
53
38
49
59
56
50
37
16
49
4
56
49
35
55
62
34
45
35
45
59
30
57
66
38
50
48
40
56
35
48
55
3
40
37
58
4
40
76
47
4
62
57
63
74
44
6
70
67
7
64
43
48
40
44
75
62
59
78
70
60
77
58
48
76
40
54
60
30
31
60
36
64
58
59
16
45
45
58
59
66
77
72
75
50
31
49
43
39
12
55
33
85
62
69
41
15
46
6
68
5
75
57
78
49
47
42
54
10
73
82
30
66
13
59
39
67
46
70
47
67
51
78
60
18
37
50
70
64
39
27
43
55
59
50
57
35
59
62
80
40
68
66
50
44
47
55
18
46
36
48
74
52
72
75
31
53
5
66
71
41
71
70
60
40
19
52
10
35
61
19
49
37
65
38
60
28
58
33
63
7
55
26
61
5
50
4
80
56
26
59
41
63
55
35
68
56
49
57
61
44
48
39
41
28
42
75
3
56
51
57
77
56
41
70
50
40
43
81
43
37
63
51
68
70
33
48
71
56
81
59
79
64
55
26
7
50
69
48
69
55
38
87
73
21
73
88
52
30
35
35
55
45
63
59
51
48
34
54
60
27
68
68
42
60
35
18
33
59
52
76
62
58
41
15
78
45
32
10
50
42
58
52
65
34
35
5
10
55
47
30
58
67
36
60
79
54
38
45
44
66
68
78
55
55
50
65
73
8
69
64
64
66
35
53
31
68
50
75
61
82
46
39
52
62
73
35
34
60
76
43
55
12
58
42
52
17
38
33
51
32
50
42
11
73
49
68
3
72
50
53
64
36
62
60
49
45
60
56
39
56
60
70
50
39
45
