turbidity
8
12
14
14
14
15
16
17
18
19
21
21
23
23
23
23
24
24
24
24
25
25
25
25
25
26
26
26
26
26
27
27
28
30
31
31
31
32
32
32
32
32
33
34
34
34
35
36
36
37
37
38
38
39
39
39
40
40
40
41
41
41
42
42
43
44
44
44
45
45
45
45
45
45
48
48
50
50
50
50
50
50
50
52
52
53
53
53
54
54
54
56
56
57
57
58
60
60
60
60
60
60
62
64
68
68
70
70
70
70
70
71
72
72
74
74
74
75
75
75
75
75
76
78
78
78
78
80
80
80
80
80
80
80
80
80
81
82
83
85
85
85
85
85
86
87
88
88
88
90
91
93
95
98
98
102
102
105
105
105
105
108
114
115
120
120
120
120
120
120
120
123
123
125
125
125
126
128
128
130
130
130
130
130
130
130
133
136
136
136
140
140
140
140
142
145
150
150
150
150
150
152
160
160
160
160
162
165
165
170
175
175
180
180
185
185
195
195
200
200
204
210
210
210
228
245
245
245
266
275
280
290
300
300
300
304
310
315
320
352
380
432
480
600
