PercentageChange
*
47.12
43.38
45.4
44.26
43.62
31.57
68.82
26.78
53.25
33.38
25.79
43.03
34.76
7.45
49.56
12.97
22.43
7.95
3.56
9.51
6.95
10.58
18.22
1.01
11.21
5.42
8.74
7.2
10.28
4.33
1.64
-13.03
5.69
14.38
0.05
4.07
4.06
-18.44
-1.41
5.53
14.77
-29.96
-17
0.71
14.36
17.77
-4
-3.03
-3.4
7.5
4.61
0.47
-1.36
-7.99
6.36
1.66
-4.46
-5.92
0.83
-1.09
-1.95
5.79
5.51
7.89
1.88
6.84
-1.41
2.91
0.56
-2.85
-1.42
2.79
-1.92
-17.14
-2.45
1.27
4.12
4.02
0.4
-0.96
-4.45
-11.71
-3.97
3.02
-1.85
4.19
-0.24
0.58
-4.11
-3.19
-7.92
-6.51
1.2
0.42
1.74
-0.33
-1.08
-2.12
-0.38
-2.85
-0.46
0.89
-1.75
-0.52
0.44
-2.79
-3.85
-11
-9.7
-3.5
-2.3
2.6
3.3
